first_exposure_time: 1437.9819530443453
first_exposure_time_format: BTJD_{TDB}
ramsay_period: 0.1400778
ramsay_teff: 4171.2998046875
sector: 5
tic: 140212114
