first_exposure_time: 1437.9841747483567
first_exposure_time_format: BTJD_{TDB}
ramsay_period: 0.97546745
ramsay_teff: 3942.5
sector: 5
tic: 452793374
