first_exposure_time: 1468.276568577739
first_exposure_time_format: BTJD_{TDB}
ramsay_period: 0.99871991
ramsay_teff: 3552.699951171875
sector: 6
tic: 306331621
