first_exposure_time: 1653.9263002333332
first_exposure_time_format: BTJD_{TDB}
ramsay_period: 0.33683973
ramsay_teff: 3870.699951171875
sector: 13
tic: 27734884
