bens_TP: 0.5453279875264506
bls_bspline_TP: 0.42092660652633923
bls_harmonics_TP: 0.6614322307606638
bls_wotan3D_TP: 0.44208709210379776
gp_TP: 0.46035193228644616
nuance_TP: 0.7627798195790177
nuance_best_FP: 0.9620433789954338
nuance_best_FP_tau<5: 0.9548523869346733
nuance_best_TP: 0.9635773401826484
nuance_best_TP_tau<5: 0.9605841708542714
nuance_best_overall: 0.9256207191780822
nuance_best_overall_tau<5: 0.9154365577889447
