bens_TP: 0.5453279875264506
bls_bspline_TP: 0.42092660652633923
bls_harmonics_TP: 0.6614322307606638
bls_wotan3D_TP: 0.44208709210379776
nuance_TP: 0.7627798195790177
nuance_best_FP: 0.9667522831050228
nuance_best_FP_tau<5: 0.9617619346733668
nuance_best_TP: 0.9637200342465754
nuance_best_TP_tau<5: 0.9608197236180904
nuance_best_overall: 0.9304723173515982
nuance_best_overall_tau<5: 0.9225816582914573
