first_exposure_time: 1385.9412426026643
first_exposure_time_format: BTJD_{TDB}
ramsay_period: 0.50162256
ramsay_teff: 3680.699951171875
sector: 3
tic: 29923559
