depth: 0.01
duration: 0.04
error: 0.001
omega: 37.28515333823091
period: 3
quality: 64.99430683138478
seed: 27850
sigma: 0.017009926315494535
t0: 0
