depth: 0.01
duration: 0.04
error: 0.001
omega: 129.32762224915888
period: 3
quality: 36.26084294667751
seed: 66042
sigma: 0.02692811637509596
t0: 0
