depth: 0.01
duration: 0.04
error: 0.001
omega: 31.676634028386164
period: 3
quality: 26.928448730059127
seed: 67336
sigma: 0.0273085394290741
t0: 0
