depth: 0.01
duration: 0.04
error: 0.001
omega: 33.939897039045185
period: 3
quality: 81.36532013005683
seed: 69036
sigma: 0.025538016382846713
t0: 0
