depth: 0.01
duration: 0.04
error: 0.001
omega: 110.65005066740582
period: 3
quality: 34.91969600854428
seed: 77694
sigma: 0.035321448817310544
t0: 0
