depth: 0.01
duration: 0.04
error: 0.001
omega: 299.11887960724266
period: 3
quality: 27.784416536086542
seed: 8510
sigma: 0.01734516129349064
t0: 0
