depth: 0.01
duration: 0.04
error: 0.001
omega: 151.2099491505992
period: 3
quality: 13.624946202152191
seed: 94729
sigma: 0.013988968721537818
t0: 0
